6.979060820774208862e-01
1.408607161096364913e-01
5.121235102179322318e+00
6.907484707823414727e-01
9.132770711441932088e-01
4.270995897214618364e-01
1.917584815227989958e+00
1.444900717508851296e+00
2.362056836442409491e+00
9.754861325437337305e-01
5.748174902367150230e-01
6.516803885613644098e+00
1.608480511554220282e-01
9.940211998838506258e-01
4.176223105758331222e+00
5.613150758124736406e-01
9.389854020668113588e-01
2.319483931023346379e+00
1.182003333748768314e+00
1.889543742628892187e-01
7.140261124891325029e-01
7.775483854065730061e-01
1.454166752178654543e+00
1.610171463460761121e+00
2.594909186398182133e+00
1.112591595643150910e+00
4.927674017148174213e-01
2.718398316775963330e+00
4.989401384012331908e-01
3.207090295798740165e-01
1.379093110370233743e+00
1.511542990449239676e+00
4.601344994902745178e+00
3.971891575089233406e+00
4.972613176845674388e-01
2.183640716915273838e+00
1.028287637858163794e+00
7.677478918886934123e-01
2.402600083237972639e-01
1.410461906252903352e+00
7.223637442080984572e-01
1.298237301042386438e+00
3.854389303066237726e+00
2.158485304701013963e+00
8.033327467356540241e-01
2.553451363325208945e+00
7.777160769624646974e-01
6.218711520155873806e+00
2.946228069397938132e+00
1.297627624553455927e+00
1.658217006275120475e+00
1.007902491015695734e+00
2.500059006984527987e-01
6.458795492415173589e-01
1.447592396955385441e+00
9.731857890617664486e-01
3.420847418540359786e-01
4.755470793163539267e-01
7.572255808761301221e-01
3.954673381424221312e-01
6.317699649299841624e+00
1.070632947711260563e+01
1.672295002700542099e+00
1.472211781380627638e-01
3.333371666289984603e+00
3.850329869714771203e+00
1.491043384911046488e+00
1.656412019410073100e+00
3.237048728678981746e-01
3.945105571850692772e-01
8.999585442515408706e-01
6.332460355473966684e-01
3.916878993122314245e+00
2.690507656535385261e-01
4.626728806786199577e+00
2.166761213776414507e+00
1.782418986615282197e+00
1.608266625576362685e+00
6.612561627204441850e-01
4.460473302597599776e+00
6.781739921020044637e-01
3.112248063072625137e-01
3.980113331953715750e-01
1.207370266332658648e+00
2.010368066060548742e+00
1.604449953307069965e+00
8.707425676643471002e-01
1.161967698521440440e+00
2.025081284568664319e+00
6.008099577278886994e-01
1.268165552583899292e+00
6.560908363842162805e-01
2.295634369090095550e+00
1.087090633595215072e+00
1.178221348514291167e+00
2.384195648577116078e+00
6.893200437052865448e-01
6.554942442954507786e-01
3.465695811787006697e+00
5.603004563507799851e+00
9.363579203071370483e-01
2.366285785320220381e+00
6.675997478290830456e-01
1.506023195312605978e+00
1.480260483620262635e+00
1.965168846451553208e-01
4.551001582252498512e-01
6.935146684209312351e-01
4.087543966712027799e-01
4.988543984698215361e+00
1.409504385412725158e+00
2.300916169647970189e-01
1.014892803330393445e+00
7.376539346552729581e-01
9.856188142948210107e-01
2.069499698777930607e+00
2.965091026189484169e-01
1.181807000604953917e+00
1.532400193837792912e+00
9.114883049869260123e-01
5.197623331705052419e-01
3.113411694937635033e-01
1.897607201755297623e+00
4.014439076438498510e-01
1.254256200801892485e+00
1.770787981571397163e+00
2.908730447396754570e+00
1.256366869744178771e+00
3.032029981976417377e-01
2.482340242860507917e-01
2.080995754535480136e-01
1.061064575146053235e+00
1.477478956636828711e+00
2.474917952347825523e+00
2.829435252463984085e+00
1.355870481214438650e+00
2.403294682515742853e+00
2.262815139360534911e+00
1.679385206581461842e+00
7.622501688906996309e-01
1.288992598392328714e+00
9.715224316157035078e-01
1.233867351491006570e+00
4.711374874470051766e-01
9.560573275548138739e-01
1.398363270755291543e+00
7.963340811586384627e-01
1.227128158655183432e+00
2.263389695993957673e+00
1.460780142395347037e-01
1.204284881089617842e+00
1.391253590406278939e-01
3.181482298637849482e+00
4.300989439293213534e-01
3.839124051506612734e-01
1.835466232460947755e-01
8.587152726868140240e-01
2.144096886479147201e+00
1.023212428356585768e+00
1.599175065994195843e-01
7.084502659383572487e-01
8.528191097991661973e-01
4.417252379663991202e-01
1.648887255087600145e+00
1.113706423651895427e+00
1.016448748807527114e+00
5.715424891167135257e+00
6.999599631120440257e+00
1.394017663426655673e+00
1.867199332363909559e+00
6.232563115282633293e-01
3.951743821190579764e-01
6.594192026980492116e-01
4.520395748568066252e-01
1.694604987697503895e-01
4.930081411972929151e-01
1.708794289756985885e+00
7.653300860017268059e-01
9.437779937976040756e-01
2.306097640430954776e+00
1.216695168362146751e+00
2.649995116654248140e+00
5.257260007873126861e-01
3.078030087167360485e-01
2.461190591173297582e-01
1.319333929966818975e+00
5.156704737912847225e-01
3.517999980902759005e-01
5.564969491357339315e+00
6.125606884415890185e+00
3.608238541733516658e-01
2.634092361467082477e-01
6.603193826676023725e-01
1.403404998393700920e+00
5.231324285300522625e-01
2.839570817017733173e+00
1.495472235443399800e+00
3.622581486157438468e-01
3.590768208703328801e-01
6.159323027504018944e-01
1.452533628440598523e+00
1.172980623754789509e+00
3.645815412588120363e+00
6.354113928044865522e-01
3.494737485563922164e+00
6.634466808152335027e-01
5.564672986996161974e-01
1.346419147924265758e+00
2.491930449781070145e+00
1.177458312199837653e+00
4.859524589543287476e+00
3.266378115029076046e+00
1.034997196053539881e+01
9.631868461165787876e-01
2.488951207082219508e+00
1.955010901280784585e+00
1.950493397445266508e-01
1.082244467587201608e+00
8.486245231699452995e-01
7.420681296336588684e-01
2.376379646463514239e-01
3.526601091281550970e-01
1.205616368038040731e+00
4.927072715812825798e-01
4.206469304964845501e-01
5.706153149368589084e-01
1.178176063946632102e+00
1.660548369454373230e+00
8.545273346116621926e-01
7.466010766261614862e-01
2.885384517292270079e+00
4.002246291779459342e-01
6.266033042691797617e-01
6.967595714926549944e-01
3.112385617686718176e-01
6.537988624342457200e+00
6.441699251140226012e-01
2.389190123374779873e+00
1.242680390282699943e+00
1.184231762118391762e+00
1.002551480582083709e-01
2.239655660994317010e+00
2.949600730043773655e+00
4.476821767869273216e+00
1.154777681536309331e+00
2.924058472131810138e+00
9.800328267076714450e-01
2.464833622577926320e-01
4.402755729309204114e+00
2.728844254132174907e+00
1.327367724850997188e+00
4.511882242001362675e-01
4.642545265771571117e+00
1.012362981932804606e+00
1.719407365006666355e+00
3.549952480332274063e-01
5.953467928310334223e-01
1.042737230877947896e+00
9.582430532104929677e-01
2.533537237652940366e+00
2.174911375137813796e-01
7.917949829881021362e-01
1.545649042850475885e+00
7.902328337540064362e-01
2.089734999437868890e+00
2.340407344219847641e+00
1.537813693177130236e+00
7.007856233535757484e-01
5.679819942339827676e-01
2.080554455331650843e+00
1.670290842655595354e+00
9.839741375011896718e-01
1.066250287887227310e+00
7.076558675330556492e-01
7.038316107131665333e+00
1.560860493653719594e+00
9.839913214203188652e-01
2.423135816641166507e+00
1.656795503841178796e+00
2.263224643117877743e+00
4.159001568388208114e-01
5.609194117340136065e-01
9.663031855131359871e-01
9.972236970181677096e-01
1.603695773532731517e+00
5.328480415270430148e-01
9.958705384911578085e-01
8.619205919869407095e-01
2.860170127072143575e+00
5.313814243196177678e-01
7.524349367076249351e+00
6.108674350770276762e-01
8.829878119070788678e-01
3.009734482957429624e-01
3.046026079218481009e+00
4.028086809093927023e-01
5.232666463314337157e-01
2.528473831092241664e-01
5.969182522865649210e-01
7.702136555174458055e-01
1.170155254083360852e+00
4.552315701490980970e-01
6.762446880216081979e+00
2.256807518635331800e+00
5.493586925440665514e-01
5.726309314443578380e+00
1.865656206059293609e+00
7.438347028699708652e+00
7.470890958862377307e-01
1.284787369725287842e+00
2.598376092222008271e+00
2.114319264261559805e+00
1.167700792349148475e+00
5.854684720780293894e+00
2.294147206384167248e+00
8.649220085661913915e-01
1.582251349597178391e+00
1.199655878419215504e+00
4.889546437437364723e+00
3.399005747758730989e-01
2.988761449431941664e+00
6.010460557227075284e-01
6.225276039157034980e-01
1.942540443551953766e+00
1.094202542974988202e+00
8.589515013445151448e-01
2.567460648669346313e+00
1.022293528722740819e+00
7.731057132614636007e-01
3.874337568799636755e-01
4.433672029426661276e-01
5.178191648864004515e-01
4.025034324357626980e-01
1.506984854608320878e+00
1.639316033316260190e+00
2.310762336948900764e+00
4.243544384431333638e-01
8.540431096305020620e-02
1.864067504938093256e+00
2.548150170423698402e+00
5.996307983564305166e-01
1.722006520852304767e+00
2.094012289670318938e-01
3.909889559216448873e+00
1.173463437274546717e+00
1.098540449951465270e+00
6.215628513204684014e-01
6.974854990783696529e-01
7.840491543430490040e-01
2.213156099213493988e+00
1.760314171327796018e+01
3.869954232085453527e-01
1.299359153508064524e-01
7.452440394335261287e-01
6.303760282151408489e+00
1.134676190094452641e+00
1.336431953039165954e+00
8.587543966573180088e-01
2.285278286094746036e+00
1.513603945831192288e+00
1.710111116880727034e+00
2.879911675233359225e-01
9.831678530458103360e-01
1.114896897393812925e+00
6.643136258502247982e-01
1.080151391608709766e+00
1.757336401845064566e+00
2.846201069008324147e+00
1.272916389622576749e-01
6.445673702435983365e+00
1.334388235232640163e+00
4.490720667126073540e-01
2.873106021797435794e-01
1.017512892194023522e+00
4.364915181069158323e-01
3.884785470414830133e+00
1.898880672297744265e+00
1.120659736058995604e+00
1.165260585091735690e+00
7.056131517277746568e+00
3.543341205741941113e-01
1.723077620638563179e+00
2.410676919010417141e-01
1.860823206584344691e-01
2.865276214790546949e-01
1.050430029757776662e+00
3.001736126512998259e-01
7.191828923185813460e-01
3.625208851754979089e-01
3.302925464891011686e-01
2.498703930305355314e+00
1.265718286423735739e+00
1.434440759673757393e+00
3.356613856948947650e+00
5.936293945257499205e-01
5.084023215936729345e-01
1.108403080326905987e-01
1.256483940212625683e+01
9.461176636826079678e-02
3.395462436156264641e-01
1.777005947926181828e-01
7.527152238219864122e-01
5.221025106834853879e+00
2.513905700420548950e-01
2.409171923821684103e-01
7.240738853556288879e-01
1.239000877432304248e+00
4.503574774642627454e-01
2.764859476493675139e-01
3.282802177963812795e-01
1.588631201172390650e+00
1.974849957669819300e+00
5.832932263870508338e-01
1.710023125741446437e+00
1.054539216740789875e+00
1.190274165237480641e+00
2.046204173057933673e+00
6.870512827895569608e-01
6.051448222623099227e-01
4.318487769556258016e+00
2.631843743736277386e-01
8.429781910442470938e-01
5.492010845911987627e-01
1.439599377515480505e+00
1.470909347214717444e+00
4.122334986347254149e-01
7.561522257030567351e-01
3.874142993903997301e+00
2.803330860781698131e-01
2.080218429853018858e+00
6.323440588708191257e-01
1.572516465210639591e+00
2.902813767569442649e-01
7.083038259244586188e-01
1.540488456975737552e+00
3.363780819790287979e-01
2.472948638582540770e+00
7.215509209700084192e-02
5.736971425901664645e-01
5.570468582847369898e-01
4.887699328884471672e-01
1.878037317219292957e-01
1.356659577733588584e+00
4.796138809408773684e-01
3.431540876033677412e-01
4.288120240534066596e+00
7.934355052948144360e-01
2.560015802196419443e+00
1.441803193612006817e+00
9.605181375140174893e-01
5.565150831229048745e-01
6.070629379971171913e-01
3.992900175484299097e-01
2.680981929723039059e+00
3.071537870297114670e-01
1.213113798165172241e+01
4.707446871967694291e-01
4.828870802752851521e-01
3.267857262417706576e-01
5.765246465924884767e+00
8.904704254719685297e-01
7.691031204667146681e-02
5.627933227025507801e-01
8.206397700175370735e-01
2.274963965203196103e+00
2.190228156325874753e+00
1.792859438561691610e+00
1.329167936013107676e+00
1.331759830963954172e-01
7.702890459001862311e+00
2.541619444738168476e-01
1.530255117065176806e+00
4.225563171053436928e-01
2.461313300522681935e+00
5.104660745475376515e+00
2.772858649468209702e+00
2.037783921000976495e+00
2.334157499163100613e-01
1.620957015893038866e+00
1.480533728333637722e+00
1.850103615382255740e+01
8.931535291924589393e-01
6.746263241567316271e-01
2.595559412433795288e+00
2.356769505366567152e-01
4.165648581312749732e-01
9.948502353269964571e-01
1.221561779562707173e+00
1.015233597726904247e+00
1.330163265609756174e-01
8.067925196403259447e-01
5.520683916848792006e-01
1.143221763025787707e+00
1.617784297790761272e+00
6.595940149232292216e-01
6.116304404041552623e-01
2.009620582037974224e+00
1.061304439628768970e+00
3.960014981239264875e-01
1.213807586043664122e+00
7.305642644933000085e+00
9.980239135901024516e-01
8.124716959349072454e+00
2.536788589734405575e-01
1.505604276448619716e+00
4.807398406773351063e-01
1.246986377339668106e+00
1.450806280631039780e+00
6.363867329252121952e-01
1.397250810480126004e+00
3.332680201821452304e+00
4.584571389765005889e-01
3.238180384577681536e+00
7.152010903087031579e-01
1.993155468390945817e+00
3.245402747431076484e+00
4.766210148533108537e+00
4.577262796242854703e-01
9.082040684049379475e-01
5.299823429319859613e+00
1.356032938207088590e+00
8.842559605798671063e-01
3.196761911310773696e-01
8.050813180398692925e-02
5.369946037667157057e-01
1.043021876068075837e+00
7.405537739016635479e-01
8.655299859150998865e-01
4.171968185228688841e-01
5.875091207342574284e-01
9.118991128209645858e-01
4.223600840952221880e-01
1.014834163655189636e+00
3.924739282348634006e+00
1.400864597870365102e+00
3.356053107952584380e+00
5.606806706531596296e-01
6.251764148021656808e-01
6.560281728486895281e-01
7.613271486185386738e-01
9.015271132490116912e-01
1.594500567336232910e+00
1.573531670831696871e+00
4.597202799754729896e-01
4.995826640519290818e-01
1.626119670247021087e+00
9.515271437897722118e-01
3.385508823353605035e+00
3.054643137586968482e+00
1.379104464106612582e+00
1.486362748304921544e+00
1.143075480657872900e+00
4.037158622394110274e+00
1.171164763062785052e+00
1.145248888106346730e+00
4.242622318432324735e-01
1.953826013308583853e+00
1.155658086057944178e+00
1.529557856532528293e+00
2.132171809528105477e+00
1.000390605905185470e+00
8.379961870331582574e-01
1.823346621670765444e+00
5.802244072483809800e-01
5.903147073497282404e-01
1.497469618409505765e+00
4.176142405078404063e-01
1.692982350466039065e-01
4.343446635711853410e-01
6.998087979666678393e-01
2.262453742378317312e+00
8.013957053865361502e-01
4.091396347829694968e-01
3.315512401501776174e-01
2.411391094402544899e-01
6.688471103622187774e-01
2.382447752850736788e-01
8.572209881713558133e+00
2.316447584935856230e-01
8.376523974291575358e-01
2.821991924532651463e+00
4.501104824885346356e-01
5.808144037632074763e-01
1.382438715591246758e+00
2.584842546114758388e+00
5.084108512744793806e+00
8.446769318629867573e-01
9.839955743101305718e-02
1.660259717202576590e+00
1.453981332326398812e+00
2.828528223588735457e+00
7.895574641305877606e+00
3.391347513238626155e-01
6.692883699021922039e-01
6.733143576080663495e-01
5.414333691342352317e-01
1.685085023229863088e-01
6.981818234376304666e-01
5.606168652109753126e-01
4.412764105030263506e-01
4.838578916967109511e-01
1.006584615656819892e+00
1.239462006349837608e+00
1.569792601669431686e+00
1.034432199116466577e+01
2.600789963661289672e+00
2.414959220575141785e+00
1.391964566778950640e+00
6.824073991961725483e+00
1.488285744963654400e-01
5.349987275539227483e-01
2.139271337912577398e+00
8.591983452396690923e-01
1.432654699852261848e-01
6.846249674812907138e+00
4.569373147271054592e+00
2.545054143668460611e+00
2.134730783665093945e+00
1.974813045998607297e+00
4.350783842639982524e+00
7.901425627470791690e-01
3.206185706586286877e+00
1.125664152211788283e+00
7.963824758454206565e-01
2.848408583917377612e+00
1.118663412921201417e+00
7.714863705317851483e+00
2.138240662897715971e+00
5.616800949930398357e-01
6.116199349985547151e-01
4.978206946668662702e+00
1.211308419906010014e+00
5.286301608043388889e-01
8.054296311659633334e-01
2.469222256115033876e+00
1.051194619210444436e+00
9.332944507099270037e-01
3.161201302844400374e+00
5.855254012422705046e+00
2.945651399522386971e+00
2.702689465341878150e-01
1.168689600924237126e+00
2.075138264903678920e+00
1.345563761550613302e+00
3.751188623709634795e-01
2.540640282910153203e-01
1.730643552176819311e+00
2.817265308249338851e+00
1.250419639909328362e+00
1.963847540479340514e+00
7.129197434246762333e-01
9.920073257668825528e-01
2.182265235080941945e+00
1.899032592392261520e+00
3.915281025998784692e+00
2.787268558566050825e+00
6.803734607133180567e-01
1.106391675927377527e+00
4.784114384667618181e-01
6.632740092790692543e+00
1.235424184559974270e+00
4.796642096842954395e+00
1.762579676985512656e+00
2.915507018224853031e+00
4.923777597825939600e-01
4.990134011992823915e+00
3.931646537136485264e+00
1.680045903210311442e+00
1.614737276422687939e+00
8.409021254892687480e+00
2.223163725640673327e-01
1.418370128906480732e+00
2.304439243495293610e+00
1.123850370984252223e+00
5.924800215799053138e-01
4.231249411061582810e-01
2.004959540297329479e+00
1.202292693209475960e+00
6.882989007878730359e-01
1.028256701294778086e+00
1.152788615180128762e+00
1.102254179503416420e+00
2.342523785016223936e+00
4.662933125826337566e+00
8.163119643063316833e-01
1.950533379966465253e+00
7.107725324584087678e-01
9.382305699678527011e-01
1.156068308555367796e+00
5.356828969166430587e-01
9.568335002327198469e-01
1.106633448889208893e+00
7.716944663411308136e-01
3.153012475300145390e+00
1.624415637496217646e-01
6.508553757596265976e-01
1.804949246334955237e+00
3.153174000524254228e-01
4.128538266410197721e+00
2.435654409557470590e+00
7.630720512563680114e-01
8.694243719015644078e-01
1.504596422411013990e+00
5.111386234722921085e-01
5.966026759792955048e-01
6.270463827959172898e-01
6.172827399856165576e-01
1.358758011711227676e+00
7.202428051109687202e-01
6.279575434328054095e-01
8.034895861199907729e-01
3.439112212327716023e+00
1.421676297069896844e+00
2.620204988146300096e+00
3.405839141451806884e-01
1.962118456688014101e+00
4.139868619345216771e+00
7.606665098803512270e-01
1.276776684097518322e+00
2.095276638686475845e+00
5.330899167148333007e-01
4.730955046566820421e-01
1.024825573425659497e+00
1.582242352936742424e+00
2.117223167494475700e+00
1.929025237530070713e+00
4.261807529889442669e+00
1.101009796792998374e+00
8.929077679425025948e-01
3.282797137163926959e-01
1.557618727302223505e-01
1.120135817749715157e+00
5.587464273134237214e-01
3.071251180302354999e+00
1.050824349061217022e+00
7.839258830643795750e-02
8.680150859642302708e-01
8.857810327536487449e+00
4.223822320025701349e-01
4.232929224266802071e-01
3.700104399571762515e-01
1.363138744259891455e+00
7.233922859281562978e-01
1.775592366257432664e+00
3.254199545057379073e+00
4.356647268236600867e-01
2.441359223880931406e+00
1.161336863530616270e+00
5.258539709818281782e-01
7.007995606845480729e-01
1.260913140331503479e+00
1.209270314953941661e+00
7.007944738015184916e-01
3.737929990031217287e+00
2.402848758492002190e+00
6.236799465110195451e-01
7.912859329323442825e-01
3.475977855212383782e-01
8.525524997190873921e-02
3.593491469700213603e+00
2.389026945532335411e+00
8.688074579108473472e-01
2.740801069909725385e+00
3.577189681449850500e-01
1.032294680771106776e+01
4.980292963531540718e-01
2.258177925832840216e-01
7.328372706477041199e+00
5.746773438920381727e-01
1.687665319066556480e+00
2.973738299908639249e-01
5.178411290294193670e-01
8.002044060881052800e+00
3.874685539590680405e-01
7.895717370564254711e-01
6.743489336473119655e-01
3.040903516983651800e-01
7.611771419779730374e-01
2.037423833578384524e-01
4.030746691641510004e+00
2.461027819905981517e-01
1.071881595180119939e+00
5.879816041723277209e+00
4.607845434474721280e+00
9.039338115358983572e-01
3.979315785376539960e+00
9.810928359168357149e-01
1.434603955246898321e+00
4.422529899635566863e+00
8.747835192976241014e-01
4.881305808895125331e+00
1.994755635829757345e+00
3.025303278698808551e+00
9.753217224750515557e-02
9.857868938452694074e-01
5.372758697239493619e-01
1.382604839011519093e+00
1.435398473850513668e+00
7.447728113018443619e-01
1.044585323610475402e+00
3.401117426461760518e-01
1.160680604883259859e+00
1.407788029619966075e+00
1.071764484047294630e+00
8.099067379931740307e-01
4.530790983869419364e-01
1.178291671253484996e+00
4.881292028205346245e-01
1.417379242198912648e+00
1.234135747426736707e+00
4.994779505814035958e-01
3.069980705546698774e-01
5.677129588319763664e-01
1.951531417519210221e+00
3.239277449392736319e+00
1.377074668976407956e-01
1.965386846529457165e-01
1.554891555457917685e+00
1.272006351122652257e+00
6.463840068900455371e+00
5.357517797827248129e-01
3.303704585817163419e+00
1.716391767902463839e+00
1.219302082640893792e+00
1.882005422893061830e+00
2.065178968495217093e-01
5.861421661013398454e-01
5.798064736853596468e-01
1.516900323418448604e+00
5.335958395756820849e+00
7.807930295198971526e-01
9.003437278747850048e-01
6.674397978941339904e-01
4.322571144441298974e-01
9.948856924809293956e-01
2.592968861813937376e-01
4.825747906735252890e+00
6.745884320716896143e-01
4.147193383718357773e-01
1.375751873789164526e+00
1.382390870529957905e+00
1.847953910082504203e+00
7.488322381844049191e-01
3.470372465255985084e+00
3.419038498927895464e+00
6.132059816177538175e-02
3.005080033325788214e-01
7.830510124977202446e-01
2.989222022545369839e+00
7.103861249628843355e-01
2.580732708019256583e-01
4.199651690481866595e+00
1.349290452753855840e+00
2.021161562607562079e+00
7.693563566106714768e-01
3.845701305992675234e+00
2.128466450876122518e-01
1.190712775478941943e+00
1.908506172914542720e+00
2.545972138234605442e+00
1.545245548318707751e+00
4.582916017426539312e-01
8.331386828526682331e-01
3.619725088506429711e-01
3.030087638598992328e+00
3.613920158818745954e+00
5.604467138559385830e-01
5.929945799577716947e+00
5.465072182621657504e+00
4.421098465628903185e-01
2.489112535024582851e+00
1.094877099356469818e+00
8.083393977806285768e-01
1.205474466151182256e+00
3.094475352860378004e-01
3.166677352391153444e-01
3.367767845821646677e+00
2.160903996203733524e+00
8.407576384373516287e-01
1.176960296823709839e+00
2.041272854792533398e+00
4.774869545011202199e-01
4.532349239268511631e-01
5.301916310005710953e-01
8.114044241221308740e-01
1.582722626513474617e+00
2.416819037697125694e+00
1.235799255375536143e+00
1.235005860263681310e+00
9.753039889645667149e-01
1.055335752986334974e+00
4.600868969360647931e+00
9.881317712977020662e+00
1.554956989552656599e-01
9.573505668464779017e-01
4.403306126908191898e-01
9.093140682644735850e-01
1.489770431113087268e+00
2.090665334475643622e+00
1.271228550437972560e+00
4.514150237201263849e+00
3.503915552064357231e-01
3.226530285027354950e+00
9.201170613773122398e+00
1.860898259799317056e-01
3.251154745068853269e-01
5.464531137072562439e-01
6.692521209072744837e-01
2.526272030172536986e+00
1.510660147473227299e+00
6.301773861718039660e-01
8.624909220606323812e-01
7.825398345127168032e-01
3.932966961373812187e-01
8.408298658161296180e-01
1.310946177970189863e+00
5.064936863864828442e-01
9.304972543219049985e-01
9.958296911892065006e-01
2.822065412424053399e+00
6.144728641020227311e-01
5.622079821379227793e-01
1.029112664857313675e+00
4.951489983664289496e-01
3.739395586431549234e-01
5.983553497322502412e-01
2.199946557328405827e+00
1.129705248023496145e+00
3.777381711093997230e-01
2.588753479268928182e-01
9.037307291550762400e-01
1.775098436372346988e+00
4.081803553536852647e+00
3.736690711691789679e-01
3.709412587104162551e+00
4.765081695061518796e-01
2.098565950659461166e+00
1.960758063650789751e+00
1.575110246994680052e+00
6.661441620359562776e+00
1.305933949684704443e+00
7.146311446884540119e-01
1.751345232714811351e+00
1.955613620320329815e+00
1.253041424565461082e+00
1.228385461752215191e+00
2.324520523632130076e-01
3.337150425734788928e-01
1.042930493833530647e+00
3.612492519905768362e-01
1.791935926909643817e-01
4.486822200050049059e-01
1.782207969317242124e+00
8.696479503249983090e-01
2.950895252873356744e-01
1.360755501550529711e+00
3.291136558295785886e+00
1.608403347217377266e-01
6.848925345765771944e+00
7.924086685975127997e-01
2.425642692935197076e+00
1.975581376948905232e+00
1.667161853702302077e+00
2.261014344939243914e-01
3.629462570215131190e-01
3.765616646360420816e+00
6.762598672537437627e-01
2.805338466156421795e+00
2.598245768079434637e+00
3.122643966068555876e+00
4.539356593078372470e-01
1.796129904688479884e-01
1.792110038676140438e-01
2.487632491320783235e+00
3.979547018402138092e-01
4.796687556585660372e-01
1.051593093606598917e+00
1.108213921865179197e+00
6.344011195252907687e-01
3.753275736437095222e+00
1.609543070930722797e+00
1.546920086572689534e+00
2.160280668933555859e+00
1.195885788585833165e+00
8.994874610656451441e-01
8.914425656729851877e-01
3.618975447796207945e+00
5.997266912699786845e-01
1.351962847493765718e+00
2.115886471899742105e+00
3.913000205824989641e-01
3.352272404242119808e-01
6.246987427073635857e+00
3.879402768577496774e-01
6.895216088777955665e-01
3.689527349746275497e-01
2.758630776361734038e-01
1.287364880850031312e+00
1.941427628109333448e+00
8.581524341120349675e+00
