-1.150404397529665612e+00
-6.028463119036578943e-01
1.295419955542609802e+00
-5.131212910467503052e-01
1.540568432378062180e+00
1.162982320352079268e+00
5.830088917765162693e-01
2.443983484267118478e-01
2.080485462350140757e+00
-1.544241705946606258e-01
-2.377191666363013822e-01
-1.995050310374240909e-01
4.733490944543687351e-01
8.351283700333467230e-01
8.698882286834385136e-01
-1.139237525831924502e+00
-1.108316572266127009e+00
-1.312363422604943208e+00
5.591051187828104396e-01
2.670273822023189747e-01
-6.799083648972983340e-01
1.063423834701416187e-01
-7.695672855550131919e-01
2.463876183445649293e+00
-7.311711179819673223e-01
1.157981159564016371e+00
-5.561059528980275557e-01
-3.975981615963584126e-01
2.231275441093077738e+00
-4.921694216066846428e-01
-3.158289227419151524e-01
-1.108088394096806484e+00
2.043758044339031021e-01
5.255642169199392644e-01
1.804527272166608215e-02
-9.828631573822638190e-01
2.428528956422680019e-01
7.925078832495419112e-01
-1.291646827761848471e+00
1.234768815471124492e+00
2.512161779737099310e-01
-1.340437391913640974e+00
7.002631701068052772e-01
-9.948800427042394645e-01
-8.342923635530971604e-02
3.260315679784678844e-01
-6.915388967224839201e-02
-3.123691425903276642e-01
-1.077509183924936775e-01
-2.254327775395650046e-01
-5.598937055630136550e-01
-1.020989704973380929e+00
-1.543348396604307338e+00
-4.363847981509639262e-01
1.160729414337702492e+00
6.159925857343390154e-01
-7.167154649369747998e-01
5.309803712241055740e-01
-4.601528353775103386e-01
-2.228765092008281101e+00
-1.299139551700662087e+00
-4.065195318481982789e-01
3.119922018437915057e-01
2.179346096000700783e-01
-1.877472088987417187e-01
4.284789277309574707e-01
1.227027967375073025e+00
-5.088228989065486374e-01
8.053536518297710334e-01
-2.649079009610873503e-01
-7.647351443907419721e-01
-7.968526527699113515e-01
-3.527246080907977532e-01
-5.915838722814619199e-01
9.437291882790196373e-01
-2.848042930504091630e-01
6.284831869978160235e-01
1.459814020870139561e+00
1.257541639991676119e+00
1.103537468055195481e+00
2.913684577921152874e-01
8.826510400342263418e-01
1.158145273200847924e+00
-1.107023439256213937e+00
2.627529825248588885e-02
-5.962148726801475007e-01
-9.664948125526654499e-01
-1.366038729940472762e-01
-5.083738193131438488e-01
1.022523036310776012e+00
-7.112565976296659764e-01
1.397431613630046310e-01
6.915371126318429207e-01
1.159277065036507626e+00
-5.934709353463868409e-01
-6.431195363318828462e-02
-1.256876251283044477e+00
1.142832750430528455e+00
3.077034618348163386e-01
-7.123996503754363996e-01
4.434765197895609301e-01
1.886725053816323605e+00
2.715814378626213998e-01
4.275458890671671175e-01
1.178227244602838120e+00
-1.651594369131653139e-01
-1.257479668607249135e+00
-6.957934975073318817e-01
-2.750649494699533570e-01
3.656382409394308697e-01
-5.304356692710716636e-01
-2.021726586692144390e-01
-4.470200226296277557e-01
4.359935349750950206e-01
-9.904683660107596599e-02
-5.806368136338961872e-01
-1.103973799365148389e+00
-3.883076024531606496e-01
9.148354137722224388e-01
6.405957522099879897e-01
3.545688365142351528e-01
6.186542534170852425e-02
-2.372992764485785944e-01
-5.975491534716813602e-01
-8.995428486127482470e-01
1.047374198996951611e+00
2.812105765561160320e-01
1.424991324367787859e+00
-3.127830504756933666e-02
-7.499713524787636754e-01
4.082557008040165747e-01
1.815104608474053860e+00
6.076005587549743181e-01
1.301888989932250107e+00
5.807088614884911397e-03
1.029677497371662004e-01
-2.911329172658166375e-01
4.371221044865874483e-01
3.424116788961799052e-01
-9.728742353646335772e-02
-2.102232094034148346e+00
8.516284820958414103e-01
4.640461095764353283e-01
-1.564909613100376573e+00
-1.596905834219362053e+00
-1.112701236589540121e+00
-8.014027389742880425e-01
3.663545432095662857e-01
1.056897885874344689e-01
-1.766932909253295103e-02
2.131814775292869779e+00
-4.246013011155195804e-01
1.815018009969228130e+00
-1.748541606975791696e-01
-4.472750687329465347e-01
-6.653813731892584959e-01
9.275737183829720900e-01
-7.489231889353706872e-01
1.593300759193162497e-01
-2.049511516595577287e+00
9.768179386353136318e-01
-4.595606347157492055e-01
1.832488943555688199e-01
-3.010070117314151972e-01
-6.254371465858705736e-01
3.125225286219777687e-01
-9.519022820751577019e-01
-9.159413006235177235e-03
1.748805129109884948e-01
-7.518073880992569291e-02
-1.006164631064508930e+00
6.167444804193327190e-01
-1.676865770434235570e+00
-1.194503009291304485e-01
-9.317844486529794912e-01
-3.544652336076299926e-01
-1.355343738608656201e+00
2.675218757314131723e-01
-1.151291488535386653e+00
-1.338421425942572407e+00
7.599291468630571533e-02
-1.506562941473424511e+00
-9.970795246604027273e-01
1.609753068282510358e-01
-8.979237669434442237e-01
2.157467795205178618e+00
9.195518973923124673e-01
6.041811768608149613e-01
-1.088000005103836543e+00
8.546352068211215958e-01
2.864112873764831924e-02
-5.077141419898415498e-01
-1.377482535593519186e+00
6.447695388412041373e-01
4.273982428060749683e-01
-1.065194575966208257e+00
-1.691788022483213139e+00
-2.405259644656604912e-01
1.656698394320386403e-01
-3.520295551283892932e-01
5.380656331692873495e-01
3.700805447834894513e-01
1.146182891137543652e-01
6.214858232756214074e-01
2.591870291502517687e-01
-3.154135468920615248e-01
-7.349874211682170255e-01
1.683366550281585605e-01
-9.208906431319716646e-01
-8.775943552975999651e-02
3.015285489268684782e-01
-5.781723601891968212e-01
-1.919485018042980939e-01
9.181775324516379122e-01
-4.236279332840856005e-01
-2.682798946904661364e+00
-1.691991298452284465e+00
-1.917531276549300667e+00
1.890748090744563292e+00
7.730236555301849277e-01
1.890175635987198177e+00
7.598272256015612403e-01
9.127683369464881791e-01
-4.396576659544738086e-01
5.704128030921561399e-01
1.333325256367270173e+00
-3.841546949777351894e-01
-3.364958127211975687e-03
2.250730853061132297e+00
8.562706468812130156e-01
7.517535624033854225e-01
-7.770029586146098843e-01
9.429614750150532299e-01
1.587682620174168391e-01
-1.436843427139611107e+00
1.253871377467477011e+00
1.563374360503677840e+00
5.202101543068290423e-01
-1.452474470020586050e+00
3.749121881134869216e-01
-6.570205420401467045e-01
8.453575748719146521e-01
1.503833201345519788e+00
-2.998889736014742624e-01
-9.838535369593168767e-01
-9.176130741534823665e-01
-5.647794712512958781e-02
5.943028327286766777e-01
-3.191372442648839347e-01
1.605942253397505681e-01
9.179957941524545806e-01
-3.088304117255509240e-01
-2.494736181847693746e-01
7.258794677119893013e-01
1.758262306310439116e-01
-1.879778157119310622e+00
-7.648195792502678891e-01
5.209907767924573108e-01
1.314987302843147188e-01
1.319045234564771851e-01
-1.512145255869919991e+00
-7.074462142330184555e-01
-8.376671038715471918e-01
5.035000913728328031e-01
6.037274980471393770e-02
-5.263435031216298077e-01
9.159153482915105560e-01
-1.557307957057979753e+00
-4.076392951464236081e-01
4.160476048468686461e-01
3.176930390621313105e-01
6.260491931486466492e-04
-7.325078801505569004e-01
-8.208264494525806532e-01
9.338786526979077074e-01
1.240646775702835658e+00
-2.067730314721317186e-01
7.778380232328200306e-01
4.763793097986332437e-01
2.391184287625060523e-01
1.830529812390121469e+00
8.460299311810293155e-01
-3.843159001385606510e-01
2.418716800517086429e-01
3.018263598113400392e-01
-7.049254948092904538e-01
3.119403318703840577e-01
-6.414870469594258044e-03
-1.932617725438444956e-01
-1.588418823448272565e+00
1.506494098663232029e+00
1.002546193921254991e+00
-3.885316577180476516e-01
7.410324782412881506e-01
4.380027114190093718e-02
6.564680034420439236e-01
1.501609246766054895e+00
-4.758948262331758605e-01
-2.408976301380140184e-01
-1.803342090474172876e-01
7.854604631751428423e-01
1.046915326282968683e+00
-1.011844474087603363e+00
1.070304706889168678e+00
-1.417770193958745928e+00
-8.060796026089006583e-01
1.301657848052856670e+00
-1.605838491048388939e+00
-1.157429767519587704e-01
-1.768263682330593944e+00
1.251031951139442100e+00
6.739503314818772184e-01
7.289630317055385555e-01
1.033738787651350854e+00
3.358217984919568688e-01
-1.709190469519743294e+00
3.046301201262681668e-01
6.253183644135823505e-01
4.903712492516341115e-01
-1.899612399607093050e+00
-5.152146395566031822e-01
2.247272375296959501e-01
-1.817375189235126642e+00
7.066351463963518320e-01
1.751938859849383023e+00
9.839931851296688237e-01
1.310523546765714809e+00
-1.126713965499886561e+00
-1.141526078977847192e+00
-2.929318152143366993e-01
1.335211383044415445e+00
-3.391808830934107677e-01
1.107274133110042191e+00
-1.572765652875490971e+00
1.161582523192784100e+00
4.030790784425556383e-01
-6.077109746195732409e-01
-1.008701028753880014e+00
8.557853405841103767e-02
1.944994333533534292e-01
-2.791009620907883182e+00
-7.262306695242359833e-01
1.234705659821098589e+00
2.918253045336359208e-01
-1.560482171814569163e+00
-9.159291122771054949e-01
2.087481448979836840e-01
1.002104902573470513e+00
1.208818535917279391e+00
-1.606809102680355483e+00
-8.744686464129423076e-01
4.654366179529324521e-01
-4.860169046175682461e-01
4.684112192404778496e-01
-1.086733304006639811e+00
-2.182529122893675400e+00
-5.912541706909776318e-01
-8.200825867581549300e-01
1.203159020595481854e+00
3.874605169824979489e-01
4.802476649704639500e-01
-2.134012988793168031e-01
-9.330555780110713071e-01
-9.725398329076321291e-01
8.746320394507938190e-01
4.965756006380516729e-01
5.042660119709867494e-01
-5.474440033179293064e-01
4.816321544689187162e-01
1.429628920981749762e-01
2.813383037565296840e-01
1.477917351045992866e+00
4.041750132674331031e-01
-1.044480727582420609e+00
5.055701745316538709e-01
3.006315678710788086e-01
7.397394213373824634e-01
4.498607399667849949e-01
-1.746352745172724263e-01
4.530760282012498419e-02
-1.204385831515023542e+00
5.617734681738985048e-01
1.491619900983204072e+00
-1.764039332141581484e-01
5.640416650118403874e-01
8.639164215581367490e-01
7.196141453820306122e-01
-2.633346833157690914e-01
-1.361219569996230394e+00
1.063888298603362204e+00
-9.211465085096858241e-01
8.619916105866848310e-01
8.377585947767594021e-01
1.321949409850116552e+00
6.087433994811189963e-01
-1.436925057548758822e-01
-7.617166689599160767e-01
2.092865987539322514e+00
-1.195942486118429571e+00
2.262623889270590993e+00
5.792874064875693785e-01
1.362915867571293127e+00
-1.003569079077531789e+00
6.119989304036450584e-01
-1.403066556984420288e+00
-8.197702169099800873e-01
1.691745648134880931e+00
3.730413053032433091e-01
-1.048421133305811326e+00
-1.592974072109069716e+00
-5.438816124380934092e-01
-3.990026775985151541e-01
-8.704970058755291396e-01
1.433361271897121425e-01
4.553018641243292142e-01
3.531363418248842367e-01
5.791023080540549373e-01
-2.084154102778172923e+00
3.906270490547218976e-01
8.896616740615583829e-01
-9.952325747835694125e-01
-2.434884415193550034e+00
6.082342655906114448e-01
-1.241268001587891190e+00
-9.335882127184753632e-01
-8.886279687418712214e-01
3.121480596208961455e-01
6.955355510065772684e-01
-1.762797333201297223e-01
2.150748693792489952e-01
-2.247437681180628921e+00
6.732832950403416783e-01
-1.545986584461121804e+00
-1.143309749562606337e+00
-4.830389836118290647e-01
-1.425185557540333381e+00
6.905156900748500581e-02
-1.244809387788678112e+00
-5.305757670275910165e-01
-9.997155494434588618e-01
-2.277779634368352554e-02
9.759443605237226871e-01
1.126463262001110577e+00
-1.341192414963014556e+00
6.738782529565454649e-01
-4.499773420497057280e-02
-1.170136655764694167e+00
-7.624609606108462279e-02
2.063285969768907879e+00
9.836499509870926250e-01
1.971555865227776205e-01
6.425457402222103931e-02
1.745659059346456488e+00
-9.665005763457470422e-01
-1.284498925137263825e+00
5.201918243196875791e-01
-6.071443975451349395e-01
-4.524542204023321301e-01
-1.568173159426196950e+00
7.437545765210283877e-01
2.553446982733960091e-01
1.079985732978683971e-01
6.825114780910592760e-01
8.672059903200430853e-01
-1.555106814304086094e-01
-4.338231676094684297e-01
-4.514557703666214894e-01
-3.321173136255975433e-01
3.097948075534217027e-01
-1.730047479728696602e-01
7.670550436815308792e-01
2.743690632265775586e-01
-8.294195812264313350e-01
-1.013044992879927886e+00
5.726098121010052555e-01
4.489678612165474703e-01
-8.696735921193274876e-01
-9.996663543652002382e-01
5.213532597799047652e-01
-1.496316316334791896e+00
-1.227271382015143963e+00
5.295048211264377080e-01
2.486201118207817806e-01
2.827983693818511002e-01
-9.579201357449458332e-01
1.226348728388163778e+00
-8.316865278694470787e-01
1.463250143556071636e+00
3.452463502292563158e-01
-6.952773160505968386e-01
2.070027430986617900e-01
3.867758584932950439e-01
-1.008883150372280380e+00
1.047185468777817263e+00
5.448467602206864546e-01
-2.202514787560286291e-01
-1.310481427806905463e+00
-6.021486300610632281e-01
-1.032306035015682744e+00
3.003880888261118431e-01
4.235206877086309940e-01
-3.767836597850693914e-01
-1.263814809621722546e+00
8.135924813968624658e-01
1.134230488139156057e+00
1.313641217591026700e-01
-2.456102333817995753e-01
-2.691626392934953760e-01
-1.863892622251304143e+00
-6.804950124109393483e-01
-9.958912678590745582e-01
1.421423796544020283e-02
1.116628657588070617e+00
8.233101995104565862e-01
2.186154998357544010e-01
1.855551638496826694e+00
7.640265965156619599e-01
2.572395806402212326e+00
-1.978914853300803633e+00
1.723734195357758514e+00
1.105721368436295204e+00
-6.811117794448350304e-01
-4.121651823470983689e-01
-4.156350036322031261e-01
-2.447235101558227655e+00
-1.279045601704604351e+00
4.339937078452099084e-01
-1.736171672322474047e+00
4.141880855775351700e-01
-7.324522978808015727e-01
1.032783337261001383e-01
8.249157930895486546e-01
-9.392689269635396965e-01
5.347706109986833933e-01
-1.104167716314970349e+00
3.450403056992375483e-01
-1.106912631641714662e-01
-1.163475214597573748e+00
-1.537115468634601800e+00
-8.844617399722644047e-01
-1.105736924914739960e+00
1.122997017305569889e+00
-1.270771369788000982e+00
1.195361203094500668e+00
1.040952110461470202e-03
-2.155981301843621634e-01
2.330886391863645546e+00
-8.492396022034458536e-01
-1.311973801488916180e+00
3.955232765608568402e-01
-6.273603750134415513e-01
-5.574970516560877609e-01
-7.975835969912682399e-01
2.163335389144666721e+00
1.765646210958871087e+00
-1.474783697035700891e+00
-3.764780737650614273e-01
1.450295337312412336e+00
8.921371976816379057e-01
1.055289052228562952e+00
3.102112815574535887e-01
3.878140552222097415e-01
-1.790248902766533146e+00
-8.454527751508036371e-01
-2.741318393333819214e-01
2.719781118311879742e-01
-2.946211102185550601e+00
7.274625944624003582e-01
-1.334497300627251581e+00
1.434411697854658163e+00
9.214251220567801215e-02
5.838371198924366956e-01
-3.608996376124008476e-01
5.748727826829509446e-01
-1.213346417552773282e+00
-7.277862314639627073e-01
-1.291085515957978991e-01
-1.177650585490211732e+00
6.464285968591542142e-01
-1.861393410029707374e+00
2.229638750422393123e+00
1.579699580413322924e+00
1.099492437862346739e+00
-3.701914262681367807e-01
2.796592145690114939e-01
7.947969520188569170e-01
-6.387784180309480364e-01
-2.751410366384911654e+00
7.066281691549144428e-01
-1.284902960559512364e+00
-1.838584728759466769e+00
-6.297991719315146897e-01
2.860053742463395388e-01
-6.670193804507303925e-01
-5.619777956705929167e-01
1.160441284372770054e+00
-4.338919954284731761e-01
1.098278041191951049e+00
-1.048455710639044219e-01
-3.948799107006693565e-01
-7.179070599198519864e-02
-7.394219329059464885e-01
-5.887603196891288970e-01
-4.905134486021427431e-01
-5.723103543584276975e-01
-4.700165496471695459e-01
-7.484292336010056612e-01
3.876809707598852794e-01
-6.494118512236003449e-01
-4.829476806429499613e-01
-1.178778124417476869e+00
1.042309012374418087e+00
-3.186404463695157174e-01
-1.506978035721645792e+00
-6.773206628741314239e-02
-7.319163600726299457e-01
-1.934454425999414751e+00
4.438673778115762580e-01
1.092737337730384395e+00
1.426305919851018345e-01
-1.648407278706816914e+00
-6.826533383998347748e-01
1.306039402800717397e+00
-6.285610900711250393e-01
-1.225354394435892891e+00
1.936054797901984870e+00
4.947650252762632594e-01
-1.409264776304389455e-01
2.628283778026816897e+00
-2.413363679678552295e-02
-3.145776655917602582e-01
1.031979915881784393e+00
1.347177498103067528e+00
-2.237052932359561708e-01
5.382307679704942949e-01
-1.214825837607643455e-01
1.082340958824542954e+00
-6.388445433937028906e-01
-9.097923804912269596e-02
6.940985372647904272e-01
1.387625805728858630e+00
-1.412065787440488940e+00
-4.241639959889382250e-01
1.866673414411403609e-01
-2.124862321615176963e+00
-5.423269689582226050e-02
-8.892788374235777171e-01
1.645241455663949970e-01
-3.218047921418110136e-01
1.980475255332393214e+00
-6.639045878454132854e-01
-6.447162184014892938e-01
9.760248085624150249e-01
-1.486221481094175401e-01
4.410464684616003384e-01
1.343599520745194786e-01
-1.192815225338274443e+00
1.500803471427360480e-01
5.252344214925511179e-02
5.115092854091779495e-01
1.506938530742556237e+00
-5.045252331250428268e-01
2.118506231887929747e+00
1.906694596416377285e-01
-7.441565655653951949e-02
-7.927823202027900473e-01
6.285973447710454520e-01
-1.083382564898521361e+00
-1.433630578078420315e-01
1.453155006338824051e-01
-1.784754517409895103e+00
-2.203916425121612122e+00
1.801948212704308050e+00
1.034092908454106619e+00
-9.158374852270848576e-01
1.606511046532257625e+00
1.041326829480110794e+00
-2.889865052880452589e-01
-1.942702166952897380e-01
1.089098676526904397e+00
-5.288359065048591212e-01
1.413375090127072520e+00
1.050682317338400118e+00
4.069710867184165859e-01
-3.438716361341041527e-01
7.198051710173681839e-01
7.173811497460718112e-01
1.243949685841429176e+00
-5.735752463957639602e-01
2.413193946364558251e-01
-2.104530239592345420e-01
-1.426734182320037680e+00
1.034120211356272856e+00
7.315109538376639575e-01
-8.284610174712353503e-01
1.748654369457414148e-01
9.501391753580823440e-01
-1.105592845657824119e+00
-1.299874290732189186e+00
-6.168774683349615984e-01
-4.704252408843688227e-01
-6.598213397745077424e-01
1.846143300806502852e-01
-1.216322642655532915e+00
1.786368916773686921e+00
-7.258445103255315445e-01
-2.515257404656013884e-01
3.070353709795280994e-01
-7.812336567691329225e-01
-1.487893952519032004e+00
-8.826524822707769724e-01
-2.026090000480706532e+00
3.668964297519454743e-01
9.147279478077482429e-01
1.122204863839039612e+00
4.460681724004663673e-01
4.776456586672164772e-01
1.086939333325680046e+00
-4.864523125944929527e-01
-8.057045347293602111e-01
-7.325341387763879553e-01
2.179952882328428931e-01
1.113281224728793317e+00
2.172567119938411673e-01
-9.327969824805828480e-01
1.043146394201272809e-01
1.937309576012903045e-01
-1.863241878180541100e+00
-1.569098262833663160e+00
6.733919331058481061e-01
-2.766847555019599780e-01
-5.688174069974634151e-01
-1.394587903765003745e+00
-7.313092357685601064e-01
1.418735474707493588e-02
1.041175579732800838e+00
-2.789510817139593812e-01
-1.258869593237992301e+00
-2.265378417761837737e-01
-4.738885796797957517e-01
-6.218702713148955841e-01
1.334037191115051701e-01
-4.107768081757894318e-01
-1.846494091909676838e+00
1.467860155176717640e+00
1.105613353413020361e+00
-5.586890954829968337e-01
-9.360445977873931289e-01
7.646798881946648141e-01
-1.519673918274615287e+00
9.248602917961189496e-01
1.473305426914834682e+00
1.693643388828340646e+00
-2.217112517514729042e+00
-1.215650559111802309e+00
1.140874796713323702e-01
-6.614088902358431499e-01
1.233081821912708875e+00
-1.867444325048752241e+00
-4.458677407376363533e-01
-1.040895459109643317e+00
-3.574620399038828666e-01
8.216982931435907744e-01
2.055341698774672543e-01
-1.048365205389205190e+00
-7.316228354324385563e-01
-6.482348088505706096e-01
4.402392619139141039e-01
-4.131900082221878212e-01
6.812384692017163790e-01
-2.589044543643955087e+00
3.939094070829837757e-01
-5.767731901075281442e-01
6.247903714304117173e-01
4.155271906665272130e-01
9.412748129742467551e-01
1.523645913071029367e+00
-3.611851394095636492e-01
-4.942879357379011407e-01
-1.924557243753803881e+00
2.665257558488868250e-01
5.596022480788069853e-01
2.764835744912443882e-01
4.702264766609625668e-01
1.263191791775585826e-01
-1.159785421731822641e+00
-2.287829487179889598e-01
4.129017190025329187e-01
5.237372675935990651e-01
5.148333909530525831e-01
4.979926392802709878e-01
-2.767428513497982578e-01
1.168716357472762368e+00
1.944403495137153381e+00
-1.432636742343081471e+00
-5.424071796984059057e-01
3.602193046175972690e-01
-2.624504714993277643e-01
4.039507478582873845e-01
1.685099794431204334e-01
-1.618906144198625219e+00
5.964403348281359651e-01
9.374794172640858736e-02
-5.131349954226251953e-01
5.443292347975960815e-02
1.118816083260994354e+00
-4.605877733086327641e-01
-1.172579832256816168e+00
-2.899303845615162634e-01
7.923009481401006582e-01
6.304524598070204711e-01
-1.789125741953458748e+00
-1.692125830251250962e+00
-5.507424726375301782e-01
3.458845005783159898e-01
-6.383806188169988127e-01
-1.160869205780867830e+00
-7.220763515789118125e-01
-2.697797163638295803e+00
-1.043204882413652834e+00
-1.004141966679691356e+00
2.885184042391352247e-02
1.234615750120119371e+00
1.037980081730267123e+00
-2.700926470939516572e-02
-1.175746901679855405e+00
1.373916438359015668e+00
1.131931265274065845e+00
-5.061927877215389657e-03
-1.611551166968426596e+00
-1.079424381684473522e+00
-8.872059136855693362e-01
1.861247132017866679e-01
-5.853578427571046738e-01
-1.440117093988589225e+00
1.469866499235188861e+00
-1.190808680731357150e+00
-5.913346790944399300e-01
-2.146055267631797048e-01
3.549754425473563568e-01
-4.738719896057339565e-01
4.457566991816568902e-01
1.588639043451632427e+00
-2.955981717210331636e-02
1.447530674219029034e+00
-1.732321266889812750e-01
3.304155886491106364e-01
-1.197321513447837216e+00
-8.715391032864500120e-01
-3.181920761207612802e-02
3.428496817629199112e-01
-9.283024573509622845e-01
-2.707600262728237506e-01
1.446507509294988836e+00
4.553531440606651270e-01
5.901128268657206410e-01
-3.989755164356322825e-01
-6.836899834579276414e-01
-1.843899313831075304e+00
-1.501680512225698483e-01
-9.716312955480636004e-01
-7.693028787878725128e-01
1.095010005737933501e+00
3.468356859232827882e-01
-4.497872107689829951e-02
5.676752153117471389e-01
-8.185093105105432087e-01
-8.474535641620344339e-01
-1.027783680339837247e+00
-3.216287931694870872e-02
4.988936956136858503e-01
-1.301311689366193125e+00
9.391691084402084000e-01
4.640847784997925163e-01
-2.710623000545538397e-01
-3.309705413912428923e-02
-7.099620859650435101e-01
-2.015958912684138182e-01
-1.857896163237026943e-01
-1.684817747112567765e-01
5.594113197587065045e-01
9.232274781432147082e-01
1.238683610604246255e+00
-1.307608411947398963e+00
1.430173560642334030e+00
1.108507557837662194e+00
-5.021589203368971299e-01
1.240373778283622164e+00
3.749160769838724705e-01
9.049501751053108389e-01
-6.250311529274654720e-01
-3.313352911196678317e-03
8.149155053460168663e-01
-3.685079159943629445e-01
6.179160654999691360e-01
2.285949401854633911e-01
-9.241088284632675842e-01
1.459302010704722541e+00
1.431462563258712739e-01
2.827162858259951034e-02
-4.405449467416001214e-02
-4.423306447772865080e-01
-4.585021381037291399e-01
4.924731932595650119e-01
-5.523613409899220672e-01
1.524985740334153572e+00
-1.501463426668648848e+00
-2.679530788573264433e-01
1.930132962211436598e-01
6.563837203933166053e-01
1.787222197418114611e-01
1.410229360346167526e+00
7.916784438467883156e-03
3.775121706670198085e-01
-1.586640519151890860e+00
1.756713982595622614e+00
-2.362429694256944768e-01
2.256886794262865092e-01
-2.690865360606101708e-01
-2.806973213665165945e-01
-7.138734030956722654e-01
-4.543791717270330432e-02
1.092629145650406253e+00
1.094240994336090012e+00
-4.507064591150856114e-01
1.452632420616559283e+00
5.460637447196595717e-01
-1.011393895099636842e+00
-6.555952447734088029e-01
-6.841457962819700311e-01
1.184865563231196350e-01
1.056549654252937565e+00
2.953194848939975636e-01
9.631089363457110419e-01
7.005079551298526441e-02
1.299016785414364383e+00
1.001893962670316718e+00
-6.339479467230507703e-02
1.501442522752249209e+00
2.703089948906882700e+00
1.363731285496836698e-01
1.679384567506561066e-01
4.743364226162359309e-01
-6.733289304420290167e-01
-1.226577113907640459e+00
8.003604027664761311e-01
2.930750097593091130e-01
-2.148990577556499915e+00
1.922984094091837459e+00
-5.547249266200510176e-01
-1.143153945987704034e+00
-3.473263511660479863e-01
-5.799756170924705856e-01
-3.732967019230751804e-01
1.102191516614783762e+00
-1.294692439749563384e+00
-7.832118343234190094e-02
8.043940473392519053e-02
-9.779076434171748433e-01
1.302067716879263592e+00
-3.064938422542152208e-01
-1.532574565048306692e+00
3.066986956218045179e-01
1.043078055980127816e+00
-2.302033521364459101e-01
-7.606679317267650564e-01
-2.641692109818603029e+00
2.233806308790222198e-02
2.449309507729222180e+00
-3.535065201396206946e-01
-1.447042411126335804e+00
-6.746495105393391922e-01
3.009930752224734274e-01
-6.734384919474079023e-01
-5.292210740243515898e-01
-1.194040640595557479e+00
2.964983709657957323e-01
-1.188756424970339509e+00
8.722264383610605076e-01
-9.126890679059814770e-01
7.442564936124516084e-01
-1.990501537795187070e-01
-5.873329630986565131e-02
-5.486106542165456457e-01
-2.003008361690662653e+00
1.028030507357182932e+00
1.112436583298106046e-01
-1.311382301849804977e-01
1.259643996075737515e+00
-3.835649348850025397e-01
-1.636549786752002911e+00
-7.271317588656214248e-01
2.270761373014847262e+00
-5.442421036115927535e-01
2.982616448350369764e-01
-1.138893122071031883e+00
3.026328331266599503e-01
2.155451779650089383e-01
-3.685495796906104043e-02
-2.259830812189350002e+00
